53
54
55
56
57
58
59
60
63
64
65
66
67
68
69
70
73
74
75
76
77
78
79
80
83
84
85
87
89
90
93
94
95
96
97
98
99
100
103
104
105
106
107
108
109
113
114
115
116
117
118
119
120
123
124
125
126
127
128
129
130
134
135
136
137
138
139
140
143
144
145
146
147
148
149
150
203
204
205
206
207
208
209
210
213
214
215
216
217
218
219
220
223
224
225
226
227
228
229
230
233
234
235
236
237
238
239
240
243
244
246
247
248
249
250
253
254
255
256
257
258
259
260
263
264
265
266
267
268
269
270
273
274
275
276
277
278
279
280
283
284
285
286
287
288
289
290
293
294
295
296
297
298
299
300
303
304
305
306
307
308
310
313
314
315
316
317
318
319
320
323
324
325
326
327
328
329
330
333
334
335
336
337
338
353
354
355
356
357
358
359
360
363
364
365
366
367
368
369
370
375
376
377
378
379
380
383
384
385
386
387
388
389
390
393
394
395
396
397
398
399
400
403
404
405
406
407
408
409
410
413
414
415
416
417
419
420
423
424
425
426
427
428
429
430
433
434
435
436
437
438
439
440
443
444
445
446
447
448
449
450
453
454
455
456
457
458
459
460
463
464
465
466
467
468
469
470
473
474
475
476
477
478
479
480
483
484
485
486
487
488
489
490
493
494
495
496
497
498
499
500
553
554
555
556
563
564
565
566
567
568
569
570
573
574
575
576
577
578
579
580
583
584
585
586
587
588
589
590
593
594
595
596
597
598
599
600
603
604
605
606
607
608
609
610
613
614
617
618
619
620
623
624
625
626
627
628
629
630
633
634
635
636
637
638
639
640
643
644
645
646
647
648
649
650
